[gd_scene load_steps=11 format=3 uid="uid://c7x20hq3ju2re"]

[ext_resource type="Script" path="res://Scripts/arm.gd" id="1_gdipq"]
[ext_resource type="PackedScene" uid="uid://c4ho3agy0ktao" path="res://Assets/tent.tscn" id="2_ghqqy"]
[ext_resource type="PackedScene" uid="uid://ne7cdhep7f61" path="res://Scenes/tentsolid.tscn" id="3_fv42r"]

[sub_resource type="Gradient" id="Gradient_8ni0o"]

[sub_resource type="FastNoiseLite" id="FastNoiseLite_uncoe"]

[sub_resource type="NoiseTexture3D" id="NoiseTexture3D_eleky"]
seamless_blend_skirt = 0.516
color_ramp = SubResource("Gradient_8ni0o")
noise = SubResource("FastNoiseLite_uncoe")

[sub_resource type="StandardMaterial3D" id="StandardMaterial3D_ncaih"]
albedo_color = Color(0.835611, 0, 0.198014, 1)

[sub_resource type="CapsuleMesh" id="CapsuleMesh_4slfo"]
material = SubResource("StandardMaterial3D_ncaih")

[sub_resource type="PrismMesh" id="PrismMesh_ubyrm"]

[sub_resource type="Curve3D" id="Curve3D_1d7jp"]
_data = {
"points": PackedVector3Array(-0.190328, -0.154985, -0.0120578, 0.190328, 0.154985, 0.0120578, 0, 0, 0, -0.45109, 0.550339, 0.0374427, 0.45109, -0.550339, -0.0374427, 1.08819, -0.0618787, -0.148745),
"tilts": PackedFloat32Array(0, 0)
}
point_count = 2

[node name="Arm" type="Marker3D"]
transform = Transform3D(1, 0, 0, 0, 1, 0, 0, 0, 1, 0, -0.00899699, 0)
script = ExtResource("1_gdipq")
noise = SubResource("NoiseTexture3D_eleky")

[node name="IKTarget" type="Marker3D" parent="."]
transform = Transform3D(1, 0, 0, 0, 1, 0, 0, 0, 1, -0.0252413, 0.0648627, 0)
top_level = true
visible = false

[node name="MeshInstance3D" type="MeshInstance3D" parent="IKTarget"]
transform = Transform3D(0.276084, 0, 0, 0, 0.276084, 0, 0, 0, 0.276084, 0, 0.439509, 0)
mesh = SubResource("CapsuleMesh_4slfo")

[node name="DistanceDirection" type="Marker3D" parent="."]
transform = Transform3D(0.275028, 0, 0, 0, 0.275028, 0, 0, 0, 0.275028, 1, 0.651552, 0)
visible = false

[node name="MeshInstance3D2" type="MeshInstance3D" parent="DistanceDirection"]
mesh = SubResource("PrismMesh_ubyrm")
skeleton = NodePath("../../..")

[node name="Trail" type="Marker3D" parent="."]
transform = Transform3D(0.30369, 0, 0, 0, 0.30369, 0, 0, 0, 0.30369, -1.63564, 0.570339, 0)
visible = false

[node name="MeshInstance3D2" type="MeshInstance3D" parent="Trail"]
mesh = SubResource("PrismMesh_ubyrm")
skeleton = NodePath("../../..")

[node name="TentHolder" type="Node3D" parent="."]
transform = Transform3D(1, 0, 0, 0, 1, 0, 0, 0, 1, 0, 0.649279, 0)

[node name="Tent" parent="TentHolder" instance=ExtResource("2_ghqqy")]

[node name="Tent2" parent="TentHolder" instance=ExtResource("2_ghqqy")]
transform = Transform3D(1, 0, 0, 0, 1, 0, 0, 0, 1, 0.22458, 0, 0)

[node name="Tent3" parent="TentHolder" instance=ExtResource("2_ghqqy")]
transform = Transform3D(1, 0, 0, 0, 1, 0, 0, 0, 1, 0.55204, 0, 0)

[node name="Tent4" parent="TentHolder" instance=ExtResource("2_ghqqy")]
transform = Transform3D(1, 0, 0, 0, 1, 0, 0, 0, 1, 0.767383, 0, 0)

[node name="Tent5" parent="TentHolder" instance=ExtResource("2_ghqqy")]
transform = Transform3D(1, 0, 0, 0, 1, 0, 0, 0, 1, 0.767383, 0, 0)

[node name="Tent6" parent="TentHolder" instance=ExtResource("2_ghqqy")]
transform = Transform3D(1, 0, 0, 0, 1, 0, 0, 0, 1, 0.767383, 0, 0)

[node name="Tent7" parent="TentHolder" instance=ExtResource("2_ghqqy")]
transform = Transform3D(1, 0, 0, 0, 1, 0, 0, 0, 1, 0.767383, 0, 0)

[node name="Tent8" parent="TentHolder" instance=ExtResource("2_ghqqy")]
transform = Transform3D(1, 0, 0, 0, 1, 0, 0, 0, 1, 0.767383, 0, 0)

[node name="TitlerHolder" type="Path3D" parent="."]
transform = Transform3D(1, 0, 0, 0, 1, 0, 0, 0, 1, 0, -0.00899699, 0)
top_level = true
visible = false
curve = SubResource("Curve3D_1d7jp")

[node name="PathFollow3D3" parent="TitlerHolder" instance=ExtResource("3_fv42r")]
transform = Transform3D(0.190901, 0.215786, -0.957565, 0.13052, 0.961257, 0.242642, 0.972864, -0.171306, 0.155346, 0.68046, 0.226068, -0.0962493)

[node name="PathFollow3D4" parent="TitlerHolder" instance=ExtResource("3_fv42r")]
transform = Transform3D(0.215976, 0.639286, -0.737969, 0.117876, 0.733193, 0.669671, 0.969218, -0.231626, 0.0830004, 0.977223, 0.057895, -0.138019)
progress = 1.0954

[node name="PathFollow3D5" parent="TitlerHolder" instance=ExtResource("3_fv42r")]
transform = Transform3D(0.219605, 0.742288, -0.633031, 0.114084, 0.624877, 0.77231, 0.968854, -0.24183, 0.0525447, 1.08819, -0.0618787, -0.148745)
progress = 1.28379

[node name="PathFollow3D6" parent="TitlerHolder" instance=ExtResource("3_fv42r")]
transform = Transform3D(0.219611, 0.74229, -0.633033, 0.114088, 0.624878, 0.772313, 0.968884, -0.241831, 0.0525449, 1.08819, -0.0618787, -0.148745)
progress = 1.44877

[node name="PathFollow3D7" parent="TitlerHolder" instance=ExtResource("3_fv42r")]
transform = Transform3D(0.219612, 0.742289, -0.633035, 0.114088, 0.624877, 0.772315, 0.968886, -0.241831, 0.0525451, 1.08819, -0.0618787, -0.148745)
progress = 1.62546

[node name="PathFollow3D8" parent="TitlerHolder" instance=ExtResource("3_fv42r")]
transform = Transform3D(0.171477, -0.00439603, -0.985148, 0.132943, 0.990918, 0.0187184, 0.976151, -0.134182, 0.170508, 0.555136, 0.242708, -0.0750383)
progress = 0.624339

[node name="PathFollow3D9" parent="TitlerHolder" instance=ExtResource("3_fv42r")]
transform = Transform3D(0.129678, -0.308874, -0.942188, 0.126247, 0.947639, -0.293274, 0.983463, -0.0809203, 0.161883, 0.360677, 0.212167, -0.0407191)
progress = 0.424082

[node name="PathFollow3D10" parent="TitlerHolder" instance=ExtResource("3_fv42r")]
transform = Transform3D(0.0851502, -0.484416, -0.870645, 0.106718, 0.873224, -0.475416, 0.990598, -0.0524336, 0.126056, 0.211123, 0.146735, -0.0163081)
progress = 0.259098

[node name="PathFollow3D11" parent="TitlerHolder" instance=ExtResource("3_fv42r")]
transform = Transform3D(0.0291369, -0.583393, -0.811624, 0.0710109, 0.811121, -0.580488, 0.997012, -0.0407218, 0.0650635, 0.0924986, 0.0712392, -0.00211113)
progress = 0.117683
